(((":onsubmit" .
   [0 0 0 1 0 0 0 0 0])
  ("on" .
   [1 0])
  ("defhtml" .
   [0 0 0 0 1 0 0])
  ("onsubmit-str" .
   [0 0 2 0 0 0 0 0 0 0 0 0])
  ("form-id" .
   [1 0 0 0 0 0 0])
  (":div" .
   [1 0 0 0])
  (":span" .
   [1 0 0 0 0])
  ("msg-id" .
   [2 0 0 0 0 0])
  ("bm-id" .
   [2 0 0 0 0])
  ("hidden-field" .
   [0 0 0 0 0 1 0 0 0 0 0 0])
  ("edit-del-span-id" .
   [0 0 0 1 1 0 0 0 0 0 0 0 0 0 0 0])
  (":bookmark_id" .
   [0 0 0 0 1 1 0 0 0 0 0 0])
  (":h5" .
   [1 0 0])
  (":DATABASE_URL" .
   [0 0 0 0 0 1 0 0 0 0 0 0 0])
  ("environ.core" .
   [0 0 0 0 1 0 0 0 0 0 0 0])
  ("non-elpa-dir" .
   [2 0 0 0 0 0 0 0 0 0 0 0])
  ("db-url" .
   [2 0 0 0 1 0])
  ("nrepl" .
   [1 0 0 0 0])
  ("let" .
   [1 0 0])
  ("defn" .
   [2 0 0 0])
  ("reduce" .
   [0 0 0 0 1 0])
  (":database-url" .
   [1 0 0 0 0 0 0 0 0 1 0 0 0])
  ("use" .
   [2 0 0])
  ("environ" .
   [1 0 0 0 0 0 0])
  ("env" .
   [3 0 0])
  (":url" .
   [1 0 0 0])
  (":name" .
   [2 0 0 0 0])))
